133.50898360219253 132.58758102426947 119.48442725889987
162.99607860419025 162.02026870850065 157.66421176342826
93.82315479625969 93.3425893165736 83.71824152987848
163.15410589942587 163.12867179786224 145.64308249346513
128.72586913394224 128.93484667090894 138.1445876004189
132.8021429040739 132.1698902774028 159.03322955350265
84.11846350220651 83.18721718917458 87.10891736547417
120.51313772369625 119.75983777687442 133.95069782985507
84.36295691729299 83.92976462237567 71.76073753001953
130.7590331899568 130.37726775995057 125.71505207461766
113.44760275587772 112.87562836175499 131.22958104041288
158.53968765079097 158.22290094135622 129.07048216175977
283.20216835359145 282.5404265823636 283.27893475064445
61.06527889271216 60.02388892133679 78.60572039072488
73.63136790416104 73.46699326742504 72.13221794374249
102.71163908004219 102.19573040634648 123.21521890036601
158.65549097841122 158.6975631448827 130.57885629596439
77.82963757501929 76.71040284337053 78.8430718290735
108.74843638036965 108.28776930575751 104.4614776561644
147.7545333242247 148.1301195203362 154.77718932781335
63.059096594789054 63.09353074518253 64.63748522934338
233.59136355474507 232.94857435074636 218.77504818140434
95.5132305950011 95.45027601697234 68.70291067394075
173.44341117143762 172.74639810967568 168.4336461305391
110.02697735224109 109.16020479739154 119.4795703180804
83.3505650499934 82.60730666083072 108.0752210643699
86.16805603357312 85.77502648066675 93.8323023913077
381.8379480193695 381.2304410774481 412.44579627552434
124.64988339246767 124.25960106980523 116.8439753889654
113.17655242009823 113.61100945018904 98.78070246594856
86.2255627183249 86.64319208534846 105.16967000548681
194.08027084749943 193.5583433628626 205.9114376965818
154.32441280422347 153.56353577092892 155.06471187431572
154.02470997262182 153.98732107164705 186.05466730281006
65.29293808170702 65.01167860624497 63.02718632723338
142.52921616867985 141.93676156494683 148.63181628331702
165.63723918125703 165.45829697572242 181.62934390331003
71.99234995709362 71.54335745860422 88.53161986828717
77.39305860383872 77.5777236245514 83.3852748960279
87.96613531328683 86.97942972813888 102.7784536503299
141.31936437533176 140.75886356893096 181.90207880104217
138.94595852859464 138.20926390312422 161.46536145211945
158.69470381992062 158.75582149522086 147.2915043707493
75.26088572461624 75.79399758525992 64.26173695646015
209.9430870630734 209.40884183573485 215.0466916772956
151.6756412992822 151.23528835975517 164.04768035367752
93.38721590310234 93.19527289726058 91.50860283639702
124.04291616927064 124.28407752047238 135.29068708311127
77.48319371006744 76.92514593930707 123.46973032129117
87.693562468142 86.93055656471607 84.2699717969324
95.05849592759986 95.20801208808396 90.42128890542853
117.12456121592741 116.25525486436378 103.98445213068663
249.74097807246955 248.52483654370337 289.745726621078
122.8203074194092 122.6732979075352 103.16001971013205
108.37797583741671 107.724563727576 99.72504510447997
176.2260229650968 175.86474648444766 144.28273976189908
172.03350233247153 171.38544812463564 175.64459841684035

