1.2229531462296195 1.5157033372961957
4.721858016304348 4.673446416440218
1.7675908627717392 1.57880859375
2.426109774063344 2.253811758128938
4.532087548283942 4.4015022440159575
0.4402745520550272 1.7922494904891304
6.506233016304348 6.053456606657608
3.7216461155080505 4.91381219742711
1.903056640625 1.65853271484375
4.939273522418478 5.82198581861413
3.6269251019021738 2.9091104789402173
0.5614764561095088 0.7343763937618935
1.6635506538722826 2.5787567934782607
2.8629904042119567 3.818395889945652
3.3113124150815216 2.7141987941576087
2.4714168648097825 3.718562754755435
3.1172420601222828 2.929159094769022
4.7219624660326085 5.577832880434783
0.5186642924908004 1.3169905479171458
5.241828294836957 5.190113790760869
1.3014277980638587 1.450233738111413
1.409290718410326 2.600641983695652
2.082542883831522 3.0705415675951087
4.709375849184783 4.952518682065217
9.679331691576087 12.339653532608695
0.33310840649774653 0.6054389482990334
1.4801832116168478 1.723624214504076
2.183181895380435 2.5336935292119565
3.3223367442255434 3.6889784307065216
1.4887180494225543 1.853577827785326
0.5061253821331522 0.6393866762907608
3.9430776905951346 4.07581043657689
1.2491312839673914 0.9348159391983696
3.3876050866168477 5.371924252717391
3.548941066576087 3.4684676460597825
3.485991635529891 3.2435464079483696
2.0715351154536554 2.1926547881309832
0.83987060546875 0.953858695652174
2.771395210597826 3.622431640625
22.71694633152174 24.077764945652174
1.071929347826087 0.9195844301970109
0.6489800229279892 1.5872333559782608
0.6908858841247825 0.654247420056163
2.025577445652174 2.416875
4.357700407608696 4.472954313858696
6.229984714673913 7.166499660326087
4.057982336956521 3.564296025815217
5.410199558423913 7.625368546195652
2.1272885529891306 2.437556046195652
0.45466920538919714 0.8721614668325718
1.0821875297473347 1.3633422320360096
2.300349864130435 2.8765862771739132
2.6553269361413046 3.688558508831522
4.535005944293478 3.7475853430706523
4.4155494225543475 4.271080587635869
2.8724923573369567 3.5837122112771738
2.6952052904211956 3.8356131114130436
2.2391170601222825 4.0352734375
2.1211226222826087 2.6005617357336956
5.269679728225456 5.689627905082537
2.3100106148097828 1.7266593070652174
0.35014632515285327 0.9633404806385869
3.6279458079930493 3.4470161815812337
1.0134626570991847 1.5457341202445651
4.155959578804348 5.207510190217391
2.5068051009228007 1.7535757669588414
2.849740574048913 2.8414054008152174
3.7369382642663043 4.887587466032609
4.530899286684782 5.248895635190217
3.060691448709239 2.526419200067935
2.652490871263587 2.767884680706522
1.1307511039402174 1.9502156929347827
4.688662533967391 4.91884128736413
8.067023294712794 9.076414953220192
4.630787961178414 5.497756057268722
0.8042811120074729 0.5960933254076087
4.934110903532608 4.740472146739131
2.6930763841711958 2.9007150135869564
3.5406005859375 4.481379925271739
1.2663597591655789 1.2667624105880113
0.3300137890810306 1.0173949037150143
5.331672044836957 6.26572265625
3.8741830842391303 3.8894981317934785
1.8417138671875 2.2503127122961954
0.9477433975883153 1.592485988451087
3.3431339164402174 3.746596042798913
4.086080163043478 3.754745244565217
2.746714504076087 3.069837593410326
0.26367394488790763 0.37852390455163043
0.40157839567764947 0.518375244140625
3.6359256114130436 3.912952190896739
3.01009765625 4.433883322010869
3.266826154876523 2.8883964996736293
0.4459893002717391 0.8500539763077446
4.132238875679348 5.218703719429348
1.993364894701087 2.3174265455163043
2.0162045686141306 2.2169900645380434
1.4568951681385869 2.1380078125
2.1690981657608694 2.7106797724184784
3.443705506486619 3.4074819646159704
2.5596174422554347 3.143548530910326
1.3527443529211955 1.6569312584918479
2.529348675271739 2.647322308084239
2.0949673063858696 2.8048781419836954
4.4650118885869565 5.0954594089673915
1.2919987686820653 1.9433175526494566
3.943415421195652 4.447470278532609
1.8134251868206521 1.4664484969429348
3.158915396258688 2.9765921956450914
23.140130774456523 24.107635869565218
2.5780477241847826 3.0845357082201086
1.155610988451087 0.7483090608016304
2.446733070646251 2.6669206694093286
1.357627025368527 1.2865392885797433
3.6051345957880434 2.337551375679348
3.7306419836956524 4.362255434782608
2.9526205842391304 2.46041015625
3.510013795748262 4.003907098447002
2.1093312669836957 2.252935207201087
0.15814179793648098 0.4170112676205842
6.700280655570652 7.989797044836957
7.104872622282609 9.516320482336956
5.749773267663043 8.436945482336956
2.4835614809782607 2.9205772333559783
0.4908463906173929 0.5488915968080574
1.4702835215692935 1.8695011039402174
1.1188480808423913 1.75189697265625
0.7698395571501359 1.387219344429348
3.423344089673913 3.5158852751358696
5.745403787364131 5.988704993206522
1.3943832795516304 1.4866499660326087
4.313857421875 6.104708729619565
3.708074898097826 4.1051953125
5.046559103260869 5.260977411684783
6.8407651154891305 7.220884850543478
0.5663127335258152 0.8948018215013587
4.165789741847826 5.514588569972826
0.3444829530774043 1.053448735993255
0.9609293123570884 0.97546695084522
2.226544667119565 2.0489005180027173
0.5077432914402173 0.5609844174592391
1.4016783075747283 2.1146896229619565
3.3245142663043477 3.971565472146739
7.422725883152174 8.350402513586957
2.7708542798913043 2.9075717561141303
2.794783882472826 3.2418416694972825
1.4490444548233696 1.9850681470788043
2.725573847130213 2.723897740076564
5.75115589643168 5.630150538511749
2.5251498840703874 2.5453232515366624
1.2360201893682066 1.7396164869225543
3.7314758831521737 4.697899541440218
3.178389096467391 3.0531804093070654
3.376556980298913 3.904172469429348
2.3146044114447344 2.753201875611945
2.11642917798913 3.6144633152173915
1.9651345957880435 1.5509659476902173
0.8128312882133152 2.094851604959239
1.0933280613111414 1.7381621518342392
2.3106033457880435 2.790725628396739
2.3451668648097828 4.525867866847826
21.917212975543478 24.54426120923913
2.5878498286553526 2.563397094620322
2.159882387907609 2.3037336531929347
4.8761455502717395 5.597804008152174
2.0879702360733696 2.526416015625
1.4384112814198369 2.1627084748641305
1.0662839673913043 2.0823980978260868
1.9058912194293478 2.220809909986413
0.23295524265455164 0.3446009096891984
1.1032701044497282 1.34186279296875
2.2188780146059783 2.309243800951087
1.9015213145380434 2.006820015285326
1.5081065302309782 1.7659158457880435
5.757387483016305 6.0771705163043475
1.7727903150475544 2.3766811735733695
2.7629988960597824 2.959544200067935
2.2891539996603263 1.841831691576087
3.2697433338994566 3.7122626528532607
1.4090232252038044 1.4708806046195653
3.1874819548233697 2.638796280570652
4.786531080163043 5.8551868206521736
2.9032273267663045 3.561587126358696
0.5940855341372283 1.3461880095108696
2.078035198709239 2.7288565726902174
2.4191164232336955 1.9177095363451087
2.5588913892663046 2.940998429008152
1.4580328634510868 1.5574416185461957
5.308142832880435 5.806599014945652
3.1236899201766306 3.414652046535326
8.465122282608696 12.075013586956521
2.069595363451087 3.1391765030570653
4.804624235733695 4.33640625
2.7665140964673913 2.9349475628396737
19.914042119565217 21.75175441576087
30.684341032608696 29.80569293478261
8.293911345108695 6.7928778872282605
1.853829398777174 1.1895016346807066
0.6425307829483695 1.8163047724184782
1.203551768842311 2.1721261403127716
0.48945023354264744 0.594857706423439
2.6789079483695653 2.8558761463994564
1.5448840254561422 2.9494701949229376
2.381012652853261 2.3308381453804348
0.7998132854959239 1.6383247707201087
3.716955672554348 4.054836531929348
2.403724312160326 2.9093246858016304
9.100685292119564 8.182162024456522
4.938603271258109 5.349204359505329
8.844526154891305 7.718600543478261
4.78000339673913 6.49441066576087
0.9008848557169278 1.060934015312228
3.776105213994565 3.928938519021739
2.098328752243799 2.415804843885988
1.3018101435122282 1.0989759893002717
2.427559230638587 3.163900730298913
2.324454823369565 3.1420675526494564
5.635518851902174 7.869063349184783
0.9621361435029322 1.0103631438015857
2.5993272333559783 2.814182022758152
1.6939604916779891 1.8366883916440218
2.1622100033967393 2.238165336277174
0.43213845957880437 0.7419740361752717
1.422721637228261 2.3166041100543477
0.4552542246942935 0.7692813773777174
0.5196513034986413 1.220969344429348
1.7969689655055388 1.3786857598351976
2.1320337975543477 1.7915809697690217
2.7384882387907608 2.0458878226902173
4.49029296875 5.153686735733696
1.4356591796875 1.6313151749320651
3.003907523777174 3.7335224184782607
0.781889061479203 1.1165986277085147
4.390132897418479 4.626040251358695
1.1472742147077846 2.1840930554738947
1.9736470363451086 1.9685827105978262
2.0961820652173913 1.830919667119565
6.117873641304348 6.145918817934783
2.2810460182767622 2.2447568197889467
0.4418238366168478 0.44680600373641305
7.02834621263587 8.697191745923913
1.959404662342254 3.4094907596279374
0.6454458750849185 1.1554715098505435
3.7966588824728262 5.2730608865489135
6.409553328804348 5.956608355978261
3.2295734969429346 3.214024711277174
2.831267168461706 3.8722861931570933
1.252406589673913 1.1792656674592392
0.6302154275645381 1.1371700917119565
16.061980298913042 13.059607676630435
2.995105723505435 3.285592094089674
2.363620499320652 2.1503768257472826
2.3388845957880435 2.4935903532608696
1.6272989377651763 1.8209801151816798
2.0312856968015667 1.4490630014550696
2.7162362007472827 3.0388839588994565
8.598012907608696 10.082972146739131
3.4377810480696134 3.5755945068147263
6.29097659643788 7.490602600999131
4.888989212348696 4.597881750465549
1.1725352411684782 2.0656027088994566
1.6495948327105978 1.6087490446671195
2.252372562418407 2.731200534432115
2.411841881793478 2.6651044497282608
2.731646107008812 2.831079335291558
1.2592139223365553 1.296729491339053
3.5951621942934784 4.9421947180706525
4.716637228260869 4.663739809782609
2.1454758569208114 2.8556860479384816
0.8985523522418478 0.9726883067255435
1.7251774102682451 1.789877645457754
1.2406276772601175 2.0991185439784594
1.4017013417119566 2.4664756708559783
3.1767624830163044 3.413630264945652
4.21181640625 4.551818104619565
32.43376358695652 30.462523777173914
2.3969444208559785 2.876023479959239
3.6442605954061684 3.7850981313803214
3.720074181353351 4.660866786335944
4.517590013586957 4.560104449728261
6.488057065217391 6.9830235224184785
2.298700534986413 1.9198789911684782
3.0782385784646737 3.2685020380434784
0.7002394701086957 1.0370650050951087
4.78103515625 6.029126188858696
5.425217391304348 5.241866083559783
3.6685599848909196 3.395438716096698
3.873708239438532 4.525548011918984
1.8400012737771738 2.5281759510869564
0.4925406547214674 0.7311746348505435
0.7721231982694657 0.782559698520426
3.019572471306571 4.225592736890775
0.18243605903957202 0.2804038935122283
4.467423573369565 4.7760304857336955
2.739013671875 2.5914102836277175
0.7652923849354619 0.64103271484375
3.189871287532637 4.86906838147302
4.900438986479148 5.836618802943093
1.004728367017663 0.8438513714334239
1.1693928328804348 1.586438094429348
4.339182235054348 5.16167331861413
4.787139521059783 3.917886379076087
1.8912533967391305 2.482357761548913
1.295742718240489 1.554719344429348
4.009436990489131 5.14177734375
1.9787015964673913 2.3588966966711955
1.9470482336956523 1.6865361752717392
3.809180197454308 4.355742000516754
3.021958432404891 2.742248641304348
3.176798183882724 3.276470453247389
0.17865980065387227 0.49572042713994563
7.623815387228261 7.832528872282609
3.260756199048913 3.6105341372282607
1.678892875339674 1.913248344089674
0.9291126019021739 1.2270381496263587
2.831159561820652 2.8593465523097827
3.2047327033296944 4.6612436885917035
1.4330362601902173 1.4095708432404892
5.324678158967392 6.108685037364131
0.5332385784646739 0.8949381156589674
0.6748058551290761 1.0063536005434783
1.4612270720108695 1.979315132472826
1.347201617697011 1.7416163170855978
1.0469058365771995 1.1875011696632731
2.002324643342391 2.2449061650815216
0.8555036499979601 1.0596766592213338
1.3954323412024456 1.4448570185122283
3.2477732252038045 3.4888894786005435
0.48055228855298915 0.6278347911005435
2.909943714025847 3.5959614771122936
9.717143945993032 11.095681858395034
3.7246280570652175 4.0447146739130435
2.33353515625 3.4510935377038043
8.965278532608696 8.843282099184783
1.8724206012228262 1.5799498980978262
6.377488960597826 8.26891644021739
2.0483118206521738 2.7890958305027174
1.3652600628396738 2.701986243206522
3.421208969102954 3.2077375821296696
2.3846348505434785 2.965931980298913
2.8523974609375 2.8745475968070653
3.3857680651335795 4.310015322952867
5.624107579960835 5.008780563261531
4.492370923913043 4.097886803668478
2.0024216627038043 1.809297511888587
2.0428250254755436 2.7287100883152173
11.25398097826087 14.925013586956522
2.7797970448369567 3.2678594174592392
2.010852156929348 1.850771484375
2.321351265285326 2.4352908457880433
0.3347299061650815 0.9816119650135869
2.856519828464674 3.914786854619565
3.2554931640625 3.1418699048913044
3.7074460767663044 4.430380434782609
3.310062415081522 3.4838302479619565
1.5653998339248802 1.9206328362978677
7.252164572010869 7.4779695991847825
3.737211277173913 3.333857209578804
4.8662495754076085 3.664665421195652
0.6680674677309782 1.4407915463654892
1.5119908075747284 1.7007143766983697
2.7631494140625 3.5010929008152174
0.5271204674762229 0.6382915463654891
4.0144819972826085 5.258709239130435
2.280447581247285 2.7685095076971113
4.104747792119565 4.570723505434783
5.55277285119606 4.814158140830206
6.217296195652174 6.645775305706522
3.525280230978261 3.8442166270380436
1.0722499150815217 1.4224815302309783
0.595519382642663 1.4675865106997283
5.15139308763587 6.9301205842391305
0.9569896037315057 1.2221813550505876
1.8740565557065216 2.1725844938858696
2.8863766556516537 3.507481879623586
3.3828328804347825 4.09820652173913
2.9156765879755433 3.1708122452445653
5.055182574728261 6.410168138586957
2.202400645380435 2.4748598845108694
3.0203354279891306 4.552221467391305
1.821872027853261 2.9086633831521738
2.3508224354619567 2.2126418138586956
2.0324256963315217 1.7311026664402174
3.4440389351222827 2.8017429517663044
2.346481190557065 2.3206392238451086
3.29434392678416 4.348718654808529
1.7189603561520888 1.8720035934780244
0.9578646187160326 1.071494140625
5.382505519701087 6.530412279211957
3.0456041949728263 4.200830502717391
4.927070161970135 3.5153328779804913
2.165709069293478 3.331771187160326
0.28566118202242613 0.6380622658286272
0.9612086022418478 1.2197024668817935
1.416346457857376 2.436636052409704
4.297016087358573 4.592363774205831
2.2447605298913045 2.176516007133152
3.198102284307065 5.208361922554348
3.006616423233696 3.2510372792119564
3.291355511209239 3.6535929008152173
1.856776706861413 2.5070456861413044
4.874076086956522 5.63347995923913
3.5837461786684783 4.064011124320652
3.6664999328944394 4.193079032691004
5.391897078804348 6.219740149456522
1.0319784943953805 0.878317234205163
1.5157112984035326 1.6754256538722827
3.9230239470108694 4.28150730298913
4.313474014945652 4.328941066576087
2.4518009086277175 2.0919236158288044
3.9533810292119567 3.7001333220108696
0.6589693844681517 1.3906793951261966
1.0677500849184782 1.8983192510190217
2.57158203125 3.3853670601222827
2.9846072520380433 3.8640090013586956
0.46713888417119565 0.8431348717730979
1.5206424082880434 1.2856324303668478
3.0905146059782607 3.727159476902174
8.445584239130435 6.943325832201087
1.4501630434782609 1.6294818911345108
0.5392737934607585 0.6218686868216246
0.9631752080502718 1.358085406759511
0.5061709196671196 0.6829808508831522
0.7491862686820652 1.1283786939538043
12.611059782608695 10.4421484375
1.7922074558423913 2.5440119735054347
1.2448543485503698 1.0549834859796563
9.22725288722826 7.764301970108695
2.8935461956521737 2.685832413383152
0.380557861328125 0.2642582370923913
4.657483016304348 4.033280400815217
5.716267832880435 4.254895550271739
9.737817595108696 13.29281589673913
2.302572957957754 3.402067368388901
1.6792468792459239 2.4074647588315217
0.4334783462776735 0.4254638034432115
1.7597227411684782 1.9222371773097826
3.7650619904891305 4.426998556385869
4.811006283967392 4.561086107336957
1.7134961998980978 2.222916100543478
1.2354305366847826 1.9263754670516304
1.5777938179347826 1.473167140794837
3.281548488451087 2.648772503396739
1.0650221849524457 1.5147764521059783
3.549879203464674 3.6892280910326085
1.5226781399326672 2.500643547051477
0.17810331925101902 0.3328285283627717
3.346115828804348 4.144760529891304
3.996575214059773 5.95078755590096
4.7020359205163045 21.31307574728261
3.768930027173913 3.8185861073369565

