6.731255054473877
6.204434394836426
5.956783294677734
5.729931354522705
5.540860176086426
5.3635029792785645
5.220761299133301
5.094067573547363
4.973450183868408
4.88001012802124
4.774692535400391
4.667929172515869
4.580622673034668
4.523474216461182
4.426324844360352
4.340340614318848
4.29355525970459
4.208346366882324
4.144714832305908
4.08228874206543
4.015511989593506
3.9905312061309814
3.9191296100616455
3.8653197288513184
3.82118558883667
3.7724547386169434
3.705853223800659
3.680171012878418
3.625156879425049
3.5797019004821777
3.5462121963500977
3.4989819526672363
3.440875291824341
3.4262773990631104
3.3805367946624756
3.3516316413879395
3.3182075023651123
3.2950074672698975
3.242311954498291
3.214357852935791
3.2014968395233154
3.1687166690826416
3.124696969985962
3.1071150302886963
3.090973377227783
3.072629690170288
3.0491409301757812
3.000072479248047
2.97880220413208
2.969871759414673
2.957571506500244
2.9025979042053223
2.896440267562866
2.877840518951416
2.856698989868164
2.832942485809326
2.80029034614563
2.807624101638794
2.778465986251831
2.753131151199341
2.7467262744903564
2.722024440765381
2.6742160320281982
2.6837313175201416
2.6628544330596924
2.65338397026062
2.613213300704956
2.6043713092803955
2.5980513095855713
2.607351064682007
2.5793814659118652
2.5543174743652344
2.5368404388427734
2.5492351055145264
2.515082597732544
2.4956912994384766
2.4807653427124023
2.479262113571167
2.457958698272705
2.4602162837982178
2.4511280059814453
2.4088380336761475
2.411661148071289
2.386310577392578
2.373739004135132
2.3743953704833984
2.3535711765289307
2.3606033325195312
2.3471803665161133
2.3240458965301514
2.322951078414917
2.303684711456299
2.2939274311065674
2.278472661972046
2.264450788497925
2.273308753967285
2.245924949645996
2.249778985977173
2.236175537109375
2.238507032394409
2.2312989234924316
2.2131245136260986
2.198047161102295
2.203953504562378
2.173691987991333
2.178709030151367
2.1827914714813232
2.1453535556793213
2.1605308055877686
2.1269190311431885
2.1295602321624756
2.1141750812530518
2.1112422943115234
2.1158814430236816
2.0975072383880615
2.091707229614258
2.115319013595581
2.06080961227417
2.0900235176086426
2.0660240650177
2.0689828395843506
2.059360980987549
2.054027795791626
2.03788423538208
2.0243990421295166
2.038712978363037
2.002460241317749
2.02164626121521
2.005805730819702
1.9939168691635132
1.987878441810608
1.9818696975708008
1.9837056398391724
1.977695345878601
1.9791784286499023
1.94966721534729
1.9526864290237427
1.9546382427215576
1.9422086477279663
1.940733790397644
1.930730938911438
1.9305367469787598
1.9292916059494019
1.9141734838485718
1.9028198719024658
1.9104880094528198
1.905914068222046
1.8959870338439941
1.8999602794647217
1.884565830230713
1.8773859739303589
1.8623636960983276
1.857547640800476
1.8510713577270508
1.8488761186599731
1.8713971376419067
1.8309364318847656
1.8369081020355225
1.8342971801757812
1.821467638015747
1.8286877870559692
1.8262560367584229
1.7981452941894531
1.815322995185852
1.8172208070755005
1.808889389038086
1.7893801927566528
1.7859406471252441
1.7650516033172607
1.7829762697219849
1.7765579223632812
1.785599946975708
1.7616599798202515
1.7564561367034912
1.7508783340454102
1.7702250480651855
1.7605310678482056
1.7376642227172852
1.7420415878295898
1.7335418462753296
1.7244181632995605
1.7267521619796753
1.7373905181884766
1.7247484922409058
1.6983187198638916
1.7151720523834229
1.692015290260315
1.71156644821167
1.704990029335022
1.7202481031417847
1.6839048862457275
1.6889196634292603
1.6923857927322388
1.6742726564407349
1.669032335281372
1.6654409170150757
1.6645803451538086
1.6374623775482178
1.6633691787719727
1.6434457302093506
1.6530593633651733
1.648125410079956
1.6417639255523682
1.6369378566741943
1.6431784629821777
1.622776985168457
1.646016240119934
1.631535291671753
1.6386018991470337
1.613210678100586
1.6254609823226929
1.6336355209350586
1.6204869747161865
1.5914292335510254
1.593546986579895
1.607129693031311
1.593820333480835
1.5957489013671875
1.5904046297073364
1.6004341840744019
1.5997782945632935
1.5834182500839233
1.5738525390625
1.5762816667556763
1.5796537399291992
1.5533922910690308
1.568457007408142
1.562206506729126
1.5571963787078857
1.5634485483169556
1.562997817993164
1.5559662580490112
1.5547590255737305
1.5368784666061401
1.5403831005096436
1.5443404912948608
1.5398058891296387
1.5269302129745483
1.531043291091919
1.5313527584075928
1.5405066013336182
1.5275815725326538
1.5132958889007568
1.510931134223938
1.509332299232483
1.5163260698318481
1.4895520210266113
1.505200743675232
1.5038971900939941
1.5112144947052002
1.4977521896362305
1.4780484437942505
1.4969722032546997
1.493342638015747
1.4946227073669434
1.4907134771347046
1.47796630859375
1.4845812320709229
1.4783096313476562
1.4880729913711548
1.4726842641830444
1.4509903192520142
1.4663243293762207
1.4655792713165283
1.4592912197113037
1.440610647201538
1.4675054550170898
1.4538031816482544
1.4634077548980713
1.4599684476852417
1.451272964477539
1.4374397993087769
1.4223361015319824
1.4224547147750854
1.4228345155715942
1.44016432762146
1.4261025190353394
1.4245271682739258
1.4226163625717163
1.4283182621002197
1.4324969053268433
1.414543628692627
1.4338901042938232
1.4188252687454224
1.4154201745986938
1.414549708366394
1.397233486175537
1.3993985652923584
1.3932812213897705
1.4059311151504517
1.404813289642334
1.3884062767028809
1.3876174688339233
1.3811554908752441
1.391360878944397
1.3824199438095093
1.3905670642852783
1.388986587524414
1.3913992643356323
1.3802086114883423
1.366906762123108
1.364285945892334
1.376584529876709
1.3491089344024658
1.3680393695831299
1.353959083557129
1.3639793395996094
1.3649426698684692
1.3498713970184326
1.3520492315292358
1.3483381271362305
1.3513145446777344
1.3597123622894287
1.3566077947616577
1.3299100399017334
1.3279190063476562
1.3368552923202515
1.3353195190429688
1.338268756866455
1.3338215351104736
1.319471836090088
1.3207550048828125
1.3091601133346558
1.3095558881759644
1.3256070613861084
1.3005889654159546
1.3186922073364258
1.3008732795715332
1.3119603395462036
1.3180935382843018
1.3111977577209473
1.3057212829589844
1.3162461519241333
1.2889461517333984
1.2946386337280273
1.3069608211517334
1.3113549947738647
1.2871869802474976
1.3079708814620972
1.273813009262085
1.2902363538742065
1.283429741859436
1.2979974746704102
1.2876102924346924
1.3003404140472412
1.2745037078857422
1.2821893692016602
1.2601735591888428
1.2818435430526733
1.2596204280853271
1.2657759189605713
1.2697961330413818
1.2752082347869873
1.2554669380187988
1.2702746391296387
1.265926480293274
1.2506103515625
1.259264588356018
1.2577177286148071
1.2621203660964966
1.25197172164917
1.2562341690063477
1.2578896284103394
1.2453880310058594
1.2492445707321167
1.2463483810424805
1.248100996017456
1.2493889331817627
1.2469912767410278
1.2338181734085083
1.234305500984192
1.2322349548339844
1.2267285585403442
1.2306371927261353
1.2305576801300049
1.2368078231811523
1.2409398555755615
1.212511420249939
1.2302206754684448
1.2244868278503418
1.2118347883224487
1.2161916494369507
1.2146854400634766
1.2230712175369263
1.201748013496399
1.216204285621643
1.2114479541778564
1.20596182346344
1.180202603340149
1.1970986127853394
1.2050023078918457
1.2050225734710693
1.1855175495147705
1.1964874267578125
1.1921508312225342
1.1836738586425781
1.1929227113723755
1.1882983446121216
1.1771286725997925
1.1940430402755737
